8.693467336683420000E-01 9.101140270000000000E-01
2.864321608040220000E-01 4.489413670000000000E-01
5.125628140703520000E-01 9.209147220000000000E-01
4.371859296482420000E-01 8.129010300000000000E-01
2.211055276381920000E-01 2.585810110000000000E-01
1.407035175879400000E-01 7.621184400000000000E-02
5.477386934673380000E-01 9.427824520000000000E-01
4.221105527638200000E-01 7.813666310000000000E-01
7.638190954773880000E-01 9.807081450000000000E-01
9.949748743718590000E-01 6.839893650000000000E-01
4.924623115577900000E-01 8.973609610000000000E-01
2.512562814070400000E-02 1.777492800000000000E-02
5.678391959799000000E-01 9.630482360000000000E-01
2.713567839195980000E-01 3.857092260000000000E-01
4.422110552763820000E-01 8.056607630000000000E-01
2.361809045226140000E-01 2.935208470000000000E-01
8.894472361809050000E-01 8.840609150000000000E-01
9.396984924623120000E-01 7.992962140000000000E-01
3.567839195979900000E-01 6.406920770000000000E-01
6.934673366834180000E-01 9.971492410000000000E-01
9.246231155778900000E-01 8.201079570000000000E-01
6.130653266331660000E-01 9.802556150000000000E-01
8.140703517587940000E-01 9.583113880000000000E-01
7.236180904522620000E-01 9.855065160000000000E-01
3.266331658291460000E-01 5.417026270000000000E-01
1.507537688442400000E-02 1.695685700000000000E-02
7.035175879397000000E-01 9.876923150000000000E-01
9.447236180904520000E-01 7.845788160000000000E-01
2.010050251256400000E-02 2.618011800000000000E-02
8.040201005025190000E-02 1.430237000000000000E-02
8.341708542713570000E-01 9.262118910000000000E-01
8.793969849246230000E-01 8.838380100000000000E-01
5.979899497487440000E-01 9.762903400000000000E-01
7.336683417085440000E-01 9.751486810000000000E-01
7.989949748743720000E-01 9.492526340000000000E-01
3.517587939698610000E-02 2.957848300000000000E-02
3.869346733668360000E-01 7.007535670000000000E-01
8.743718592964830000E-01 9.061224950000000000E-01
4.773869346733680000E-01 8.551472590000000000E-01
9.849246231155780000E-01 6.888800150000000000E-01
6.331658291457300000E-01 9.916473760000000000E-01
4.974874371859300000E-01 9.066408160000000000E-01
5.025125628142060000E-03 4.083721800000000000E-02
7.587939698492480000E-01 9.889329090000000000E-01
6.432160804020120000E-01 9.803967410000000000E-01
1.155778894472380000E-01 5.161360600000000000E-02
3.668341708542720000E-01 6.634357560000000000E-01
7.688442211055280000E-01 9.785181320000000000E-01
5.778894472361820000E-01 9.817537040000000000E-01
3.718592964824140000E-01 6.679670560000000000E-01
2.311557788944740000E-01 2.750057550000000000E-01
3.115577889447240000E-01 5.028945970000000000E-01
8.643216080402010000E-01 9.173909150000000000E-01
9.597989949748740000E-01 7.535213530000000000E-01
2.914572864321620000E-01 4.375126160000000000E-01
9.798994974874370000E-01 7.155319290000000000E-01
1.005025125628160000E-01 2.549878900000000000E-02
2.814070351758800000E-01 4.254097060000000000E-01
5.527638190954800000E-02 6.866649000000000000E-03
9.698492462311560000E-01 7.382520270000000000E-01
2.110552763819100000E-01 2.238397800000000000E-01
9.899497487437190000E-01 6.884581820000000000E-01
3.015075376884600000E-02 1.354247100000000000E-02
1.005025125628190000E-02 4.309319600000000000E-02
7.035175879397000000E-02 1.227778500000000000E-02
4.522613065326800000E-02 1.430371700000000000E-02
5.879396984924640000E-01 9.562935680000000000E-01
0.000000000000000000E+00 4.810641100000000000E-02
4.321608040201020000E-01 7.809244250000000000E-01
2.562814070351760000E-01 3.483053100000000000E-01
8.190954773869350000E-01 9.449923610000000000E-01
8.492462311557790000E-01 9.268583260000000000E-01
2.763819095477400000E-01 4.037722320000000000E-01
2.010050251256300000E-01 2.006053010000000000E-01
7.788944723618100000E-01 9.746816470000000000E-01
8.994974874371860000E-01 8.556042050000000000E-01
5.226130653266340000E-01 9.048998960000000000E-01
3.165829145728660000E-01 5.038294790000000000E-01
2.160804020100520000E-01 2.377576890000000000E-01
2.462311557788960000E-01 3.109219260000000000E-01
7.889447236180920000E-01 9.609385920000000000E-01
8.844221105527640000E-01 8.822055390000000000E-01
7.185929648241220000E-01 9.958672030000000000E-01
5.628140703517600000E-01 9.488365250000000000E-01
5.527638190954780000E-01 9.498259000000000000E-01
7.537688442211210000E-02 5.152516000000000000E-03
7.939698492462320000E-01 9.696535900000000000E-01
6.381909547738700000E-01 9.877706020000000000E-01
9.145728643216080000E-01 8.396045860000000000E-01
3.819095477386940000E-01 6.894070970000000000E-01
9.095477386934670000E-01 8.440036810000000000E-01
3.467336683417100000E-01 6.069737260000000000E-01
8.040201005025130000E-01 9.535734290000000000E-01
4.020100502512580000E-01 7.292610240000000000E-01
8.291457286432160000E-01 9.398512460000000000E-01
5.577889447236200000E-01 9.594893380000000000E-01
4.623115577889460000E-01 8.370922220000000000E-01
4.472361809045240000E-01 8.207610220000000000E-01
2.412060301507540000E-01 3.008786900000000000E-01
8.592964824120600000E-01 8.964301620000000000E-01
5.326633165829160000E-01 9.466463010000000000E-01
5.175879396984940000E-01 9.192909970000000000E-01
9.045226130653410000E-02 1.433087800000000000E-02
3.316582914572880000E-01 5.675677500000000000E-01
6.030150753769000000E-02 0.000000000000000000E+00
1.256281407035180000E-01 4.846854700000000000E-02
2.663316582914580000E-01 3.706052660000000000E-01
3.768844221105540000E-01 6.890248510000000000E-01
6.582914572864340000E-01 9.934525480000000000E-01
9.547738693467400000E-02 1.597630700000000000E-02
1.758793969849260000E-01 1.451679160000000000E-01
7.537688442211060000E-01 9.799896940000000000E-01
1.055276381909560000E-01 3.195403900000000000E-02
1.206030150753780000E-01 4.356579500000000000E-02
6.633165829145740000E-01 9.850303210000000000E-01
1.306532663316600000E-01 6.269765600000000000E-02
8.542713567839200000E-01 9.196653370000000000E-01
6.030150753768860000E-01 9.673844350000000000E-01
5.276381909547740000E-01 9.282526620000000000E-01
7.437185929648260000E-01 9.823401320000000000E-01
4.170854271356800000E-01 7.677138080000000000E-01
5.376884422110560000E-01 9.323931950000000000E-01
4.271356783919600000E-01 7.884421730000000000E-01
9.648241206030150000E-01 7.371627860000000000E-01
2.964824120603020000E-01 4.617758620000000000E-01
4.874371859296500000E-01 8.767078010000000000E-01
4.673366834170860000E-01 8.496787600000000000E-01
8.391959798994980000E-01 9.201766990000000000E-01
1.859296482412060000E-01 1.689073160000000000E-01
6.834170854271360000E-01 9.826578590000000000E-01
1.105527638190960000E-01 3.687841000000000000E-02
7.386934673366840000E-01 9.897109130000000000E-01
4.572864321608040000E-01 8.509100720000000000E-01
1.809045226130660000E-01 1.585960780000000000E-01
3.618090452261320000E-01 6.455030090000000000E-01
8.442211055276380000E-01 9.313888430000000000E-01
6.180904522613080000E-01 9.875578220000000000E-01
3.517587939698500000E-01 6.132430610000000000E-01
9.748743718592970000E-01 7.131717710000000000E-01
9.497487437185930000E-01 7.795057420000000000E-01
5.427135678391960000E-01 9.409575020000000000E-01
6.532663316583000000E-02 1.926122300000000000E-02
7.487437185929660000E-01 9.864062470000000000E-01
3.417085427135680000E-01 5.821357730000000000E-01
2.261306532663320000E-01 2.673710000000000000E-01
1.708542713567840000E-01 1.224000420000000000E-01
5.728643216080420000E-01 9.705218260000000000E-01
4.070351758793980000E-01 7.609661690000000000E-01
9.195979899497490000E-01 8.301126570000000000E-01
1.356783919598000000E-01 7.176823100000000000E-02
4.824120603015080000E-01 8.802060510000000000E-01
7.135678391959800000E-01 9.927453660000000000E-01
6.733668341708560000E-01 1.000000000000000000E+00
1.658291457286440000E-01 1.081722060000000000E-01
6.532663316582920000E-01 9.864717000000000000E-01
9.045226130653270000E-01 8.562056630000000000E-01
8.944723618090450000E-01 8.614169140000000000E-01
7.085427135678400000E-01 9.859225500000000000E-01
3.015075376884440000E-01 4.747967820000000000E-01
8.241206030150750000E-01 9.572162570000000000E-01
5.929648241206040000E-01 9.717097800000000000E-01
1.507537688442220000E-01 1.010268620000000000E-01
5.829145728643220000E-01 9.748483500000000000E-01
9.296482412060300000E-01 8.114319200000000000E-01
2.060301507537700000E-01 2.079026960000000000E-01
6.683417085427140000E-01 9.913970520000000000E-01
1.557788944723620000E-01 1.140110240000000000E-01
2.613065326633180000E-01 3.575857210000000000E-01
8.542713567839200000E-02 2.917729300000000000E-02
6.783919597989960000E-01 9.950557370000000000E-01
7.738693467336700000E-01 9.911965550000000000E-01
3.216080402010060000E-01 5.405156290000000000E-01
1.457286432160820000E-01 8.450135500000000000E-02
9.547738693467340000E-01 7.605064400000000000E-01
6.080402010050260000E-01 9.776108090000000000E-01
3.919597989949760000E-01 7.241824170000000000E-01
6.482412060301520000E-01 9.887106760000000000E-01
4.723618090452280000E-01 8.650491160000000000E-01
5.025125628140790000E-02 2.062448200000000000E-02
3.366834170854280000E-01 5.751381140000000000E-01
6.884422110552780000E-01 9.897502540000000000E-01
9.346733668341710000E-01 7.984486180000000000E-01
4.020100502512600000E-02 1.756949100000000000E-02
7.286432160804020000E-01 9.832975770000000000E-01
4.120603015075380000E-01 7.543663190000000000E-01
1.959798994974880000E-01 1.968295720000000000E-01
6.984924623115580000E-01 9.942167200000000000E-01
5.025125628140720000E-01 9.060180510000000000E-01
1.909547738693480000E-01 1.812723830000000000E-01
3.065326633165840000E-01 4.959770100000000000E-01
3.969849246231160000E-01 7.198790850000000000E-01
6.231155778894480000E-01 9.799883310000000000E-01
1.608040201005040000E-01 1.199504590000000000E-01
1.000000000000000000E+00 6.676823270000000000E-01
2.512562814070360000E-01 3.329787770000000000E-01
4.522613065326640000E-01 8.284864150000000000E-01
8.090452261306530000E-01 9.680386070000000000E-01
7.839195979899500000E-01 9.785731450000000000E-01
6.281407035175880000E-01 9.847204230000000000E-01
5.075376884422120000E-01 8.983271630000000000E-01 